time - cumul- total_nodes - mean - pvariance - pstdev - mode 
0 475.0 256 1.85546875 121.54373468137256 11.02468750946586
5 400.0 256 1.5625 105.3921568627451 10.266068228038673
10 400.0 256 1.5625 105.3921568627451 10.266068228038673
15 400.0 256 1.5625 105.3921568627451 10.266068228038673
20 400.0 256 1.5625 105.3921568627451 10.266068228038673
25 400.0 256 1.5625 105.3921568627451 10.266068228038673
30 400.0 256 1.5625 105.3921568627451 10.266068228038673
35 400.0 256 1.5625 105.3921568627451 10.266068228038673
40 400.0 256 1.5625 105.3921568627451 10.266068228038673
45 400.0 256 1.5625 105.3921568627451 10.266068228038673
50 400.0 256 1.5625 105.3921568627451 10.266068228038673
55 400.0 256 1.5625 105.3921568627451 10.266068228038673
60 400.0 256 1.5625 105.3921568627451 10.266068228038673
65 400.0 256 1.5625 105.3921568627451 10.266068228038673
70 400.0 256 1.5625 105.3921568627451 10.266068228038673
75 400.0 256 1.5625 105.3921568627451 10.266068228038673
80 400.0 256 1.5625 105.3921568627451 10.266068228038673
85 400.0 256 1.5625 105.3921568627451 10.266068228038673
90 400.0 256 1.5625 105.3921568627451 10.266068228038673
95 400.0 256 1.5625 105.3921568627451 10.266068228038673
100 400.0 256 1.5625 105.3921568627451 10.266068228038673
105 400.0 256 1.5625 105.3921568627451 10.266068228038673
110 400.0 256 1.5625 105.3921568627451 10.266068228038673
115 450.0 256 1.7578125 109.64307598039215 10.471058971297609
120 1300.0 255 5.098039215686274 416.82105913231436 20.4161960005363
125 5350.0 255 20.980392156862745 1482.302763625135 38.50068523578684
130 11200.0 255 43.92156862745098 2211.922958159642 47.031085020012476
135 16525.0 253 65.31620553359684 2068.550410941715 45.481319362368055
140 17750.0 251 70.71713147410358 1894.0836653386455 43.521071509541734
145 18275.0 250 73.1 1801.0943775100402 42.43930227407185
150 18575.0 252 73.71031746031746 1753.8081799784986 41.87849304808494
155 18475.0 249 74.19678714859438 1687.8603122166085 41.08357715945154
160 18475.0 247 74.79757085020243 1615.8125144004478 40.197170477540425
165 18275.0 245 74.59183673469387 1623.8081298093007 40.296502699481266
170 18475.0 246 75.10162601626017 1579.071262651402 39.737529649581916
175 18975.0 248 76.51209677419355 1457.7245494318925 38.180159106948366
180 19325.0 249 77.61044176706827 1384.2871485943774 37.20600957633562
185 19450.0 249 78.11244979919678 1353.6808524420262 36.79240210209203
190 19500.0 249 78.3132530120482 1332.2240575204041 36.49964462183713
195 19675.0 250 78.7 1283.94578313253 35.83218920373873
200 19925.0 249 80.02008032128514 1214.6165306386838 34.85134905048417
205 20025.0 247 81.07287449392713 1177.4011717849974 34.31327981678518
210 20575.0 248 82.96370967741936 1011.7274226198249 31.807662954386085
215 20875.0 249 83.83534136546184 970.0090685321933 31.14496859096495
220 20950.0 249 84.13654618473896 941.8925702811246 30.690268331852764
225 20700.0 245 84.48979591836735 905.98862495818 30.099644930765876
230 20500.0 242 84.7107438016529 864.8537430129282 29.408395791217995
235 21250.0 245 86.73469387755102 765.9334225493475 27.675502209523632
240 21850.0 247 88.46153846153847 719.9812382739212 26.832466123595893
245 22300.0 246 90.65040650406505 595.901775344284 24.41109942924087
250 22900.0 245 93.46938775510205 448.9795918367347 21.18913853455904
255 23525.0 244 96.4139344262295 282.86910544424205 16.81871295445172
260 23575.0 242 97.41735537190083 218.92467679434864 14.796103432807863
265 23675.0 241 98.23651452282158 119.27299446749655 10.92121762751281
270 23925.0 241 99.27385892116183 28.116355463347166 5.302485781531825
275 23925.0 240 99.6875 7.747123430962343 2.7833654864143056
280 23825.0 239 99.68619246861925 7.779262332548082 2.7891328997643843
285 23725.0 238 99.68487394957984 7.811668971386023 2.794936309003485
290 23725.0 238 99.68487394957984 7.811668971386023 2.794936309003485
295 23550.0 236 99.78813559322033 5.274071402812838 2.296534650906195
300 23450.0 235 99.7872340425532 5.296417530460084 2.3013946924550086
305 23650.0 237 99.78902953586498 5.25191303725953 2.291705268410301
310 23450.0 235 99.7872340425532 5.296417530460084 2.3013946924550086
315 23275.0 233 99.89270386266094 2.682403433476395 1.637804455201046
320 23450.0 235 99.7872340425532 5.296417530460084 2.3013946924550086
325 23300.0 233 100.0 0.0 0.0
330 23275.0 233 99.89270386266094 2.682403433476395 1.637804455201046
335 23175.0 232 99.89224137931035 2.6939655172413794 1.641330410746532
340 23275.0 233 99.89270386266094 2.682403433476395 1.637804455201046
345 23275.0 233 99.89270386266094 2.682403433476395 1.637804455201046
350 23275.0 233 99.89270386266094 2.682403433476395 1.637804455201046
355 23275.0 233 99.89270386266094 2.682403433476395 1.637804455201046
360 23175.0 232 99.89224137931035 2.6939655172413794 1.641330410746532
365 22775.0 228 99.89035087719299 2.7412280701754383 1.6556654463313047
370 22975.0 230 99.8913043478261 2.7173913043478257 1.6484511834894675
375 22875.0 229 99.89082969432314 2.7292576419213974 1.6520465011377246
380 22875.0 229 99.89082969432314 2.7292576419213974 1.6520465011377246
385 22875.0 229 99.89082969432314 2.7292576419213974 1.6520465011377246
390 22875.0 229 99.89082969432314 2.7292576419213974 1.6520465011377246
395 22875.0 229 99.89082969432314 2.7292576419213974 1.6520465011377246
400 22875.0 229 99.89082969432314 2.7292576419213974 1.6520465011377246
405 22875.0 229 99.89082969432314 2.7292576419213974 1.6520465011377246
410 22875.0 229 99.89082969432314 2.7292576419213974 1.6520465011377246
415 22875.0 229 99.89082969432314 2.7292576419213974 1.6520465011377246
420 22875.0 229 99.89082969432314 2.7292576419213974 1.6520465011377246
425 22875.0 229 99.89082969432314 2.7292576419213974 1.6520465011377246
430 22875.0 229 99.89082969432314 2.7292576419213974 1.6520465011377246
435 22875.0 229 99.89082969432314 2.7292576419213974 1.6520465011377246
440 22875.0 229 99.89082969432314 2.7292576419213974 1.6520465011377246
445 22875.0 229 99.89082969432314 2.7292576419213974 1.6520465011377246
450 22875.0 229 99.89082969432314 2.7292576419213974 1.6520465011377246
455 22875.0 229 99.89082969432314 2.7292576419213974 1.6520465011377246
460 22875.0 229 99.89082969432314 2.7292576419213974 1.6520465011377246
465 22875.0 229 99.89082969432314 2.7292576419213974 1.6520465011377246
470 22875.0 229 99.89082969432314 2.7292576419213974 1.6520465011377246
475 22875.0 229 99.89082969432314 2.7292576419213974 1.6520465011377246
480 22875.0 229 99.89082969432314 2.7292576419213974 1.6520465011377246
485 22875.0 229 99.89082969432314 2.7292576419213974 1.6520465011377246
490 22875.0 229 99.89082969432314 2.7292576419213974 1.6520465011377246
495 22875.0 229 99.89082969432314 2.7292576419213974 1.6520465011377246
500 22875.0 229 99.89082969432314 2.7292576419213974 1.6520465011377246
505 22875.0 229 99.89082969432314 2.7292576419213974 1.6520465011377246
510 22775.0 228 99.89035087719299 2.7412280701754383 1.6556654463313047
515 22775.0 228 99.89035087719299 2.7412280701754383 1.6556654463313047
520 22775.0 228 99.89035087719299 2.7412280701754383 1.6556654463313047
525 22775.0 228 99.89035087719299 2.7412280701754383 1.6556654463313047
530 22775.0 228 99.89035087719299 2.7412280701754383 1.6556654463313047
535 22675.0 227 99.8898678414097 2.753303964757709 1.6593082789999298
540 22375.0 224 99.88839285714286 2.790178571428571 1.6703827619526523
545 22175.0 222 99.88738738738739 2.8153153153153156 1.6778901380350608
550 22175.0 222 99.88738738738739 2.8153153153153156 1.6778901380350608
555 22175.0 222 99.88738738738739 2.8153153153153156 1.6778901380350608
560 22175.0 222 99.88738738738739 2.8153153153153156 1.6778901380350608
565 21575.0 216 99.88425925925925 2.893518518518518 1.7010345435994292
570 18075.0 181 99.86187845303867 3.4530386740331496 1.8582353656179158
575 11975.0 120 99.79166666666667 5.208333333333333 2.282177322938192
580 3900.0 39 100.0 0.0 0.0
